0 554 96
1 421 66
2 402 115
3 387 78
4 381 116
5 422 124
6 391 72
7 387 73
8 388 127
9 381 86
10 383 84
11 380 84
12 384 86
13 383 85
14 409 84
15 389 88
16 389 121
17 382 96
18 402 93
19 385 94
20 384 93
21 381 95
22 383 94
23 385 94
24 383 97
25 387 90
26 382 98
27 385 91
28 382 97
29 383 95
30 387 98
31 386 92
32 384 113
33 386 106
34 382 107
35 377 104
36 387 104
37 382 110
38 382 106
39 379 107
40 380 106
41 379 106
42 388 106
43 379 103
44 391 108
45 387 105
46 385 103
47 382 106
48 380 100
49 387 106
50 384 105
51 381 103
52 384 104
53 381 105
54 385 108
55 380 102
56 383 105
57 384 103
58 382 105
59 384 101
60 377 106
61 381 101
62 387 107
63 382 103
64 382 125
65 383 118
66 382 118
67 372 117
68 382 117
69 382 115
70 381 117
71 381 121
72 384 117
73 379 117
74 386 118
75 387 115
76 382 117
77 387 114
78 389 119
79 390 116
80 383 115
81 382 118
82 381 117
83 383 118
84 382 114
85 381 119
86 385 118
87 384 119
88 380 113
89 385 116
90 378 118
91 382 118
92 378 121
93 387 118
