0 565 161
1 64 42
2 2002 26939
3 1236 27027
4 1288 26969
5 1192 26614
6 1216 26645
7 1238 26805
8 1329 26647
9 1322 26421
10 1328 26906
11 1345 26645
12 1393 26525
13 1382 26518
14 1429 26572
15 1379 26711
16 1452 26635
17 1461 26598
18 1453 26694
19 1503 26542
20 1482 26562
21 1523 26801
22 1553 27516
23 1786 27439
24 1779 26844
25 1682 26840
26 1682 27596
27 1576 26647
28 1570 26543
29 1550 26664
30 1552 26846
31 1606 26764
32 1616 26577
33 1560 26550
34 1669 26743
35 1704 26842
36 1626 26503
37 1660 26475
38 1707 26624
39 1712 26558
40 1622 26604
41 1634 26734
42 1630 26568
43 1689 26587
44 1614 26848
45 1654 26596
46 2047 26816
47 1954 26937
48 2078 27066
49 1911 26819
50 2032 27039
51 2027 27121
52 2010 26880
53 1935 26624
54 1875 26957
55 1896 26717
56 1921 26835
57 1871 26874
58 1870 26837
59 1963 26796
60 1922 26716
61 1984 26652
62 1922 26658
63 1913 26838
64 2003 26618
65 1984 26626
66 2030 26787
67 1959 26642
68 2008 26774
69 2019 26812
70 2020 26944
71 1968 26644
72 1956 26750
73 1966 26911
74 1994 26795
75 2045 26686
76 1986 26799
77 1999 26839
78 2071 26793
79 2081 26965
80 1972 26545
81 1994 26506
82 2005 26769
83 1978 26742
84 1984 26659
85 2041 26894
86 2008 26872
87 2011 26747
88 1987 26640
89 2005 26924
90 2026 26877
91 2000 27049
92 2391 27446
93 2774 27453
94 3070 28199
95 5082 27505
96 3337 27972
97 3004 27663
98 2931 27125
99 2841 27050
100 2818 27570
101 2808 27391
102 2840 27307
103 2828 27665
104 2836 27479
105 2907 27359
106 2802 27422
107 2806 27204
108 2711 26999
109 2775 27385
110 2791 27546
111 2786 27310
112 2863 27425
113 2733 27233
114 2871 27675
115 2771 27321
116 2775 27158
117 2731 27675
118 2830 27222
119 2765 27496
120 2761 27309
121 2865 27248
122 2802 27526
123 2764 26953
124 2811 27353
125 2813 27234
126 2788 27445
127 2768 27389
128 2906 27073
129 2830 27627
130 2886 27150
131 2841 27354
132 2801 26742
133 2866 27110
134 2812 27324
135 2822 27567
136 2860 27290
137 2842 27155
138 2902 27424
139 3003 27260
140 3188 27578
141 3163 27439
142 3074 27400
143 2983 27647
144 2824 27448
145 2865 27549
146 2870 27215
147 2916 27359
148 2892 26920
149 2930 27405
150 2899 26983
151 2944 27045
152 2869 27364
153 2957 27318
154 2963 27492
155 2911 27378
156 2994 27371
157 3011 27612
158 3012 27424
159 3005 27640
160 2907 27224
161 2842 27134
162 2944 27332
163 2849 27301
164 2877 27508
165 2879 39786
166 2980 27572
167 2981 27903
168 2950 33878
169 23352 34866
170 2999 27285
171 2929 27486
172 2962 27472
173 2884 27356
174 2951 27589
175 2963 27418
176 2953 27466
177 2924 27371
178 2862 27328
179 2893 27451
180 2843 27226
181 2881 27219
182 3023 27245
183 2917 27600
184 3736 28232
185 3556 28050
186 3837 28874
187 3525 28638
188 4593 28917
189 4008 27994
190 4293 28642
191 3850 28131
192 4461 28538
193 3950 27640
194 4011 28194
195 3806 28049
196 4159 28445
197 3713 27869
198 3859 27910
199 3811 27820
200 3927 27998
201 3742 27987
202 3895 28031
203 3803 27973
204 3939 27897
205 3759 27599
206 3761 27649
207 3773 27523
208 3892 27611
209 3886 27526
210 3915 27695
211 3718 27716
212 3759 27402
213 3680 27549
214 3721 27759
215 3693 27403
216 3803 27398
217 3754 27702
218 3745 27266
219 3721 27365
220 3889 27562
221 3852 27852
222 3901 27407
223 3716 27720
224 3786 27349
225 3872 27379
226 3814 27793
227 3795 27395
228 3839 27930
229 3856 27792
230 3790 27866
231 4009 28085
232 4104 27933
233 4224 27676
234 4046 27889
235 3906 27966
236 3960 27656
237 3889 27987
238 3877 27747
239 3962 27516
240 3903 27397
241 3929 27708
242 3896 27453
243 3903 27344
244 3844 27484
245 3816 27941
246 3774 27296
247 3833 28095
248 3848 27444
249 3796 27395
250 3936 27835
251 3812 27514
252 3928 27900
253 3922 27811
254 3870 28130
255 3874 27836
256 4108 28119
257 4090 27918
258 3866 27679
259 3834 27648
260 3884 27945
261 3947 27634
262 4043 27757
263 3888 27724
264 3899 27990
265 3899 27547
266 4032 27516
267 3943 27699
268 3869 27914
269 3840 27906
270 3887 27610
271 3909 27691
272 3940 28146
273 3935 27553
274 3930 28157
275 3933 27769
276 4319 28014
277 4396 28170
278 4630 28506
279 4623 28012
280 4790 28478
281 7174 28517
282 4770 28530
283 4304 28194
284 4711 28552
285 4322 27970
286 4627 28185
287 4307 28243
288 4478 28329
289 4198 28182
290 4317 28246
291 4200 27900
292 4577 28203
293 4360 28285
294 4376 28043
295 4290 27992
296 4353 28213
297 4386 27984
298 4452 28329
299 4320 27875
300 4417 28062
301 7294 27926
302 4307 27780
303 4207 27919
304 4457 28233
305 4049 28232
306 4363 28021
307 4224 27936
308 4491 28070
309 4195 28028
310 4353 28073
311 4173 28098
312 4387 27864
313 4275 28181
314 4591 28250
315 4205 28051
316 4496 27804
317 4303 28300
318 4356 27899
319 4248 27871
320 4125 27853
321 4082 27749
322 4266 28007
323 4406 28029
324 4608 28066
325 4469 28358
326 4448 28076
327 4331 27581
328 4281 28127
329 4307 28126
330 4279 28291
331 4334 28248
332 4277 27618
333 4192 27746
334 4381 27902
335 4392 27482
336 4282 27984
337 4331 27782
338 4292 28016
339 4309 28097
340 4299 27784
341 4344 27653
342 4213 28248
343 4250 27978
344 4336 27756
345 4361 28171
346 4389 27893
347 4315 27953
348 4284 27875
349 4262 28151
350 4217 27731
351 4198 28209
352 4406 27779
353 4292 27779
354 4576 28407
355 4433 27732
356 4250 28291
357 4221 28123
358 4422 28001
359 4342 27878
360 4417 28216
361 4261 27626
362 4340 28274
363 4262 28105
364 4360 28152
365 4291 28210
366 4390 28072
367 4344 27758
368 5311 29296
369 5216 28905
370 5371 30915
371 5349 29364
372 5889 30435
373 5342 29761
374 5925 29362
375 5064 28931
376 6496 30260
377 5567 29160
378 6003 29582
379 5539 29153
380 6033 29806
381 5312 29135
382 5860 29023
383 5223 28987
384 6409 29659
385 5481 28709
386 5607 28118
387 5247 28348
388 5584 29146
389 5190 28337
390 5609 28744
391 5353 28707
392 5649 29347
393 5195 28499
394 5382 28913
395 5195 28842
396 5603 29010
397 5290 28844
398 5563 29109
399 5296 28779
400 5932 28918
401 5276 28587
402 5268 28825
403 5125 28828
404 5450 28691
405 5308 28554
406 5571 28957
407 5370 28787
408 5585 28570
409 5242 28719
410 5457 28888
411 5390 28178
412 5522 28931
413 5292 28830
414 5360 28184
415 5311 28558
416 5946 29011
417 5409 28783
418 5624 28646
419 5179 28879
420 5549 28560
421 5208 28210
422 5410 28496
423 5249 28872
424 5582 29116
425 5303 28555
426 5401 28608
427 5254 28731
428 5364 28432
429 5123 28540
430 5598 29056
431 5315 28352
432 5633 28914
433 5106 28690
434 5384 28463
435 5336 28696
436 5411 28676
437 5336 28316
438 5383 28748
439 5206 28600
440 5749 28878
441 5386 29001
442 5550 28965
443 5596 28704
444 5774 28958
445 5442 28510
446 5657 28774
447 5512 28682
448 5532 28554
449 5447 28492
450 5474 28726
451 5276 28522
452 5681 28864
453 5411 28702
454 5435 28708
455 5276 29186
456 5530 28554
457 5369 28915
458 5783 29070
459 5453 28350
460 5890 29270
461 5420 37274
462 6417 29307
463 5772 29310
464 6665 30434
465 5779 29059
466 6784 29646
467 5826 29434
468 6453 28966
469 5733 28925
470 6142 29452
471 5505 28640
472 6312 29465
473 5578 28894
474 6129 28831
475 5723 28803
476 6078 29379
477 5633 29177
478 5989 29245
479 5552 28678
480 6035 29308
481 5663 28994
482 5792 28480
483 5572 28655
484 5987 28958
485 5550 28388
486 5853 29240
487 5608 28896
488 6312 29535
489 5582 29102
490 5994 29158
491 5641 28869
492 5959 29438
493 5573 28997
494 5958 29298
495 5562 28954
496 6096 29079
497 5775 28704
498 6073 29307
499 5717 29204
500 6022 29006
501 5709 28711
502 5940 29086
503 5700 29002
504 6072 28897
505 5729 28930
506 6073 29320
507 5804 28657
508 6365 29613
509 6006 29498
510 6155 28899
511 5906 29092
512 6227 29056
513 5813 28769
514 6085 28835
515 5745 28899
516 5957 29220
517 5629 28545
518 5879 28736
519 5674 28741
520 6167 28962
521 5711 28325
522 5921 47258
523 5883 28813
524 6162 28639
525 5779 28889
526 6455 29547
527 5784 28694
528 6285 29299
529 5823 28953
530 6375 28911
531 5836 29055
532 6121 29306
533 5702 28400
534 6112 29194
535 5701 28789
536 6163 29437
537 9277 44361
538 7308 29759
539 6158 29621
540 6596 29382
541 5873 29215
542 6260 29329
543 5826 28868
544 6439 28728
545 5735 28810
546 5991 29115
547 5575 28643
548 6346 29414
549 5924 29312
550 6099 28734
551 5684 28858
552 7198 29657
553 6174 28956
554 11027 30087
555 6841 29674
556 7644 31931
557 6941 29937
558 11700 30942
559 7405 29716
560 8290 31082
561 6568 29263
562 6834 29839
563 6368 29675
564 7541 30309
565 6451 29095
566 7041 30014
567 6310 29653
568 7847 30329
569 6334 29048
570 6723 29649
571 6297 29394
572 7600 29919
573 6267 29235
574 7092 29992
575 6417 29256
576 7329 30552
577 7189 29862
578 7253 29831
579 6577 29756
580 7429 30410
581 6649 29277
582 6996 29805
583 6470 29544
584 7283 30210
585 6626 29730
586 6713 29678
587 6294 29665
588 7499 29826
589 6504 29704
590 7213 29980
591 6404 29748
592 7288 29994
593 6282 29431
594 6995 30256
595 6411 29623
596 7156 29788
597 6507 29695
598 7030 30107
599 6403 29468
600 7762 29819
601 6862 29766
602 7473 30148
603 6663 29266
604 6972 29671
605 6557 29804
606 7144 29939
607 6604 29668
608 6931 30279
609 6518 29126
610 6693 29438
611 6311 29437
612 6958 30339
613 6223 29277
614 6633 29567
615 6533 29814
616 7327 30357
617 6644 29144
618 7161 29851
619 6629 29787
620 7098 29354
621 6450 29719
622 7059 29884
623 6595 29283
624 7071 29686
625 6469 29465
626 6802 29664
627 6409 29302
628 7245 30255
629 6422 29175
630 6793 29519
631 6369 29729
632 6975 29988
633 6474 29413
634 6950 29844
635 6429 29801
636 7171 29851
637 6350 29758
638 6969 30282
639 6484 29543
640 7219 29441
641 6519 29587
642 6992 29759
643 6412 29171
644 7888 30658
645 6636 29765
646 7726 30072
647 6979 29955
648 8388 34655
649 6865 30092
650 8114 30685
651 7107 30140
652 7952 30922
653 6917 29784
654 7789 29995
655 6977 30139
656 7883 30436
657 6989 29673
658 7645 30281
659 6923 29910
660 7811 30893
661 6740 29388
662 7419 30124
663 7076 30047
664 7525 30523
665 6714 29518
666 7541 30318
667 7041 30296
668 7951 30298
669 6908 29933
670 7437 30218
671 6917 29568
672 7786 30474
673 6961 29960
674 7469 30029
675 11036 29472
676 7747 30463
677 7091 30166
678 7922 30090
679 6986 29693
680 7981 30351
681 6948 29862
682 7532 29911
683 6869 29748
684 11822 47372
685 8259 30134
686 7792 30625
687 7142 29909
688 8064 30130
689 6921 30188
690 7854 30438
691 7033 29942
692 8422 30910
693 7241 30336
694 7582 30251
695 6910 30305
696 8061 30720
697 7055 29815
698 7576 30378
699 6832 30066
700 7433 30814
701 6999 29734
702 7730 29884
703 6841 29884
704 7802 30570
705 6885 29531
706 7120 30128
707 6623 29989
708 7766 30196
709 6772 29361
710 7633 29907
711 6906 29909
712 7819 30712
713 7130 29774
714 7315 30149
715 6760 30199
716 7628 30161
717 6915 29765
718 7435 30546
719 6936 29705
720 7677 30935
721 6831 30137
722 7459 30090
723 6951 30116
724 7508 30304
725 6690 32175
726 7423 30434
727 6882 29992
728 7896 30526
729 6872 29936
730 7434 30352
731 6834 30218
732 7794 30551
733 6979 29820
734 7854 30637
735 7022 30146
736 9217 32182
737 7930 30834
738 9209 32219
739 8107 31537
740 9879 34636
741 8525 32422
742 9620 33049
743 8229 31720
744 10688 34517
745 8666 32173
746 8967 32600
747 7976 31653
748 10188 32889
749 8339 31764
750 9290 32807
751 8476 31527
752 11398 33497
753 9055 31969
754 9366 32029
755 8471 31395
756 10503 32092
757 8662 31763
758 9584 32223
759 8871 31738
760 10027 32274
761 8621 31430
762 8921 32238
763 8246 31488
764 9536 31932
765 8647 31507
766 9197 32073
767 8480 31618
768 10391 32199
769 8807 31424
770 9377 32001
771 8657 31196
772 9802 31932
773 8457 31180
774 8926 32292
775 8507 31332
776 9680 31879
777 8391 33790
778 9445 31853
779 8589 31242
780 9828 31179
781 8593 30966
782 9463 31966
783 8512 31431
784 10197 32978
785 8909 31865
786 9594 32213
787 8605 31383
788 10014 32203
789 8931 31515
790 9432 32004
791 8610 31387
792 10065 31877
793 8652 31334
794 9260 31967
795 8658 31311
796 9418 31695
797 8429 31262
798 9012 31775
799 8461 31219
800 9849 32251
801 8405 31196
802 9318 31495
803 8318 30942
804 9336 31745
805 8517 30836
806 9353 32051
807 8624 30946
808 10020 31952
809 8539 31164
810 9284 32048
811 8666 31367
812 9471 32180
813 8582 31359
814 9056 31688
815 8609 31438
816 10160 32842
817 8630 31279
818 9901 32010
819 8362 31647
820 9995 32363
821 9001 31077
822 9686 32385
823 8906 31255
824 10185 31983
825 8538 30966
826 14429 32567
827 8400 31371
828 9574 32123
829 8675 30982
830 9546 32517
831 8927 31670
832 10929 34120
833 9492 32652
834 10988 32849
835 9747 31793
836 11214 33527
837 9323 32353
838 10537 33075
839 9568 32216
840 10811 33147
841 9508 32013
842 10214 32286
843 9247 31831
844 11137 33595
845 9695 32116
846 10308 32977
847 9366 32532
848 10801 32734
849 9393 31985
850 10448 32703
851 9535 31787
852 10480 32461
853 9338 32254
854 10299 32318
855 9047 31907
856 10756 32693
857 9169 31780
858 9492 32242
859 9014 31998
860 10355 32222
861 9239 32009
862 9737 32207
863 9265 31632
864 10600 32576
865 9308 31854
866 9894 32450
867 9259 32104
868 10605 32433
869 9410 31739
870 10614 32626
871 9335 31943
872 10282 32353
873 9152 31929
874 9988 32064
875 9072 31826
876 10707 32919
877 9418 32392
878 9896 32754
879 9185 31951
880 11094 33150
881 9266 32241
882 10484 33006
883 9421 32292
884 10793 33290
885 9758 32642
886 9699 32802
887 9215 31841
888 10922 33133
889 9391 31675
890 10100 32903
891 9160 32199
892 10736 32559
893 9521 32291
894 10088 32467
895 9322 31917
896 10514 32626
897 9061 32003
898 9514 46577
899 10702 32733
900 10405 32949
901 9266 31957
902 10276 32294
903 9148 31903
904 16767 33411
905 9768 32121
906 10211 32652
907 9379 31773
908 10830 33594
909 9779 32623
910 10208 32485
911 9243 32001
912 11311 33163
913 9221 31933
914 10736 35725
915 9609 32685
916 10516 33682
917 9651 31942
918 10316 33042
919 9326 32190
920 11429 33503
921 9732 32180
922 10855 33775
923 10149 32752
924 12571 36128
925 10601 33472
926 12819 34582
927 10683 33192
928 13680 36910
929 11236 34029
930 11713 34693
931 10378 32894
932 12689 35390
933 10580 33157
934 12468 33949
935 10753 33213
936 12575 35156
937 10752 33127
938 11450 34098
939 10425 32810
940 11759 34207
941 10266 32387
942 11251 34341
943 10430 33271
944 12103 35284
945 10732 34240
946 11526 34383
947 10457 33292
948 12105 34675
949 10786 33742
950 11739 34266
951 10259 32634
952 12071 34262
953 10437 33172
954 11280 33944
955 10098 33376
956 11964 34428
957 10351 33071
958 11240 34009
959 10067 32885
960 11575 33558
961 10136 32941
962 11938 33997
963 10346 32812
964 11622 33562
965 10232 33014
966 11663 33957
967 10275 33112
968 11841 34125
969 10599 33194
970 11106 33707
971 10100 32966
972 11624 33735
973 10226 33027
974 11303 33692
975 10370 32930
976 11997 34505
977 10314 33035
978 11751 34113
979 10348 32715
980 11868 34554
981 10429 33169
982 11316 34245
983 10272 32952
984 11626 34232
985 10570 32850
986 11386 36207
987 10323 32746
988 11633 34099
989 10154 32703
990 11766 33841
991 10248 33111
992 12860 34984
993 10625 33399
994 11467 47888
995 11234 33202
996 12366 34382
997 10460 32700
998 11290 33562
999 10275 32772
1000 11590 33633
